S:48.378747/16.825857
E:48.378834/16.826226