S:48.378986/16.825719
E:48.378747/16.825857